1 0 1 -5 
2 1 1 31 
3 1 2 -18 
4 2 2 58 
5 3 2 1 
6 4 2 11 
7 4 3 -23 
8 4 4 -7 
9 4 5 -21 
10 4 6 -4 
11 4 7 -15 
12 5 7 5 
13 5 8 -39 
14 5 9 -19 
15 5 10 -35 
16 5 11 -13 
17 5 12 -16 
18 5 13 -12 
19 6 13 24 
20 6 14 -5 
21 7 14 21 
22 8 14 33 
23 8 15 -1 
24 9 15 17 
25 9 16 -9 
26 10 16 4 
27 11 16 9 
28 12 16 3 
29 13 16 54 
30 14 16 43 
31 15 16 1 
32 15 17 -4 
33 15 18 -7 
34 16 18 39 
35 17 18 7 
36 17 19 -4 
37 17 20 -2 
38 18 20 6 
39 19 20 4 
40 20 20 33 
41 21 20 13 
42 21 21 -28 
43 22 21 54 
44 23 21 10 
45 24 21 5 
46 24 22 -45 
47 24 23 -1 
48 25 23 7 
49 26 23 3 
50 27 23 3 
51 28 23 2 
52 29 23 6 
53 29 24 -6 
54 30 24 7 
55 31 24 15 
56 32 24 7 
57 32 25 -1 
58 33 25 13 
59 33 26 -50 
60 33 27 -2 
61 33 28 -3 
62 34 28 1 
63 35 28 2 
64 36 28 33 
65 37 28 8 
66 38 28 1 
67 38 29 -6 
68 39 29 2 
69 40 29 100 
70 41 29 79 
71 41 30 -3 
72 41 31 -21 
73 42 31 7 
74 42 32 -23 
75 42 33 -20 
76 42 34 -13 
77 43 34 5 
78 43 35 -13 
79 44 35 21 
80 44 36 -7 
81 44 37 -13 
82 45 37 2 
83 45 38 -3 
84 45 39 -34 
85 45 40 -18 
86 46 40 2 
87 47 40 10 
88 48 40 18 
89 48 41 -10 
90 48 42 -14 
91 48 43 -40 
92 49 43 12 
93 50 43 48 
94 51 43 8 
95 52 43 16 
96 53 43 29 
97 53 44 -4 
98 53 45 -4 
99 53 46 -6 
100 53 47 -3 
101 54 47 2 
102 54 48 -6 
103 55 48 17 
104 55 49 -31 
105 55 50 -3 
106 55 51 -11 
107 55 52 -10 
108 55 53 -16 
109 55 54 -10 
110 56 54 6 
111 57 54 1 
112 58 54 17 
113 58 55 -7 
114 59 55 12 
115 60 55 59 
116 60 56 -12 
117 60 57 -15 
118 60 58 -24 
119 60 59 -10 
120 60 60 -31 
121 61 60 60 
122 62 60 5 
123 63 60 2 
124 64 60 14 
125 65 60 9 
126 65 61 -4 
127 66 61 3 
128 66 62 -2 
129 67 62 1 
130 67 63 -8 
131 67 64 -9 
132 68 64 34 
133 68 65 -27 
134 68 66 -1 
135 69 66 2 
136 70 66 5 
137 71 66 15 
138 71 67 -52 
139 71 68 -10 
140 72 68 9 
141 72 69 -22 
142 73 69 8 
143 74 69 6 
144 75 69 11 
145 76 69 64 
146 77 69 22 
147 77 70 -2 
148 78 70 17 
149 79 70 7 
150 80 70 11 
151 81 70 28 
152 81 71 -7 
153 82 71 14 
154 83 71 11 
155 84 71 22 
156 85 71 20 
157 86 71 53 
158 87 71 12 
159 88 71 12 
160 88 72 -24 
161 88 73 -1 
162 88 74 -43 
163 89 74 8 
164 90 74 35 
165 91 74 21 
166 92 74 8 
167 93 74 5 
168 93 75 -3 
169 94 75 1 
170 94 76 -8 
171 95 76 14 
172 96 76 21 
173 97 76 4 
174 97 77 -20 
175 98 77 2 
176 99 77 23 
177 99 78 -5 
178 100 78 16 
179 100 79 -16 
180 101 79 20 
181 102 79 34 
182 102 80 -22 
183 103 80 4 
184 103 81 -5 
185 104 81 17 
186 105 81 46 
187 106 81 9 
188 107 81 3 
189 107 82 -22 
190 108 82 9 
191 108 83 -1 
192 108 84 -3 
193 108 85 -2 
194 109 85 78 
195 109 86 -3 
196 110 86 10 
197 110 87 -4 
198 110 88 -4 
199 110 89 -7 
200 110 90 -6 
201 110 91 -9 
202 110 92 -2 
203 110 93 -2 
204 110 94 -33 
205 111 94 105 
206 112 94 1 
207 112 95 -14 
208 112 96 -5 
209 113 96 9 
210 113 97 -5 
211 114 97 19 
212 115 97 17 
213 116 97 38 
214 117 97 26 
215 118 97 31 
216 119 97 2 
217 119 98 -33 
218 120 98 4 
219 121 98 2 
220 122 98 15 
221 123 98 43 
222 123 99 -2 
223 124 99 24 
224 124 100 -87 
225 125 100 8 
226 125 101 -15 
227 125 102 -9 
228 126 102 74 
229 126 103 -23 
230 127 103 30 
231 127 104 -34 
232 127 105 -12 
233 128 105 2 
234 129 105 25 
235 130 105 1 
236 130 106 -33 
237 130 107 -25 
238 131 107 13 
239 132 107 17 
240 133 107 6 
241 134 107 4 
242 135 107 14 
243 135 108 -3 
244 135 109 -8 
245 135 110 -4 
246 135 111 -1 
247 136 111 26 
248 137 111 79 
249 138 111 54 
250 138 112 -1 
251 139 112 15 
252 140 112 2 
253 141 112 30 
254 142 112 60 
255 143 112 2 
256 144 112 16 
257 145 112 15 
258 146 112 17 
259 146 113 -7 
260 147 113 5 
261 148 113 3 
262 148 114 -9 
263 149 114 8 
264 150 114 25 
265 150 115 -4 
266 151 115 39 
267 151 116 -46 
268 151 117 -23 
269 152 117 12 
270 153 117 3 
271 153 118 -27 
272 153 119 -42 
273 154 119 2 
274 155 119 49 
275 156 119 14 
276 156 120 -13 
277 156 121 -2 
278 156 122 -5 
279 157 122 7 
280 157 123 -1 
281 157 124 -39 
282 158 124 2 
283 158 125 -14 
284 159 125 9 
285 160 125 10 
286 161 125 10 
287 161 126 -14 
288 162 126 9 
289 162 127 -2 
290 162 128 -22 
291 162 129 -15 
292 162 130 -15 
293 163 130 25 
294 163 131 -3 
295 164 131 7 
296 165 131 2 
297 166 131 5 
298 166 132 -1 
299 167 132 22 
300 167 133 -26 
301 167 134 -4 
302 168 134 20 
303 169 134 8 
304 169 135 -26 
305 169 136 -2 
306 169 137 -2 
307 169 138 -4 
308 170 138 4 
309 171 138 9 
310 172 138 2 
311 172 139 -8 
312 172 140 -41 
313 173 140 10 
314 173 141 -1 
315 174 141 29 
316 174 142 -12 
317 175 142 2 
318 176 142 5 
319 176 143 -7 
320 176 144 -13 
321 177 144 67 
322 178 144 63 
323 178 145 -3 
324 179 145 5 
325 180 145 1 
326 180 146 -5 
327 181 146 2 
328 182 146 2 
329 182 147 -13 
330 182 148 -1 
331 182 149 -30 
332 183 149 1 
333 183 150 -8 
334 183 151 -3 
335 183 152 -24 
336 183 153 -1 
337 184 153 10 
338 184 154 -3 
339 185 154 11 
340 185 155 -3 
341 186 155 13 
342 186 156 -43 
343 186 157 -9 
344 187 157 34 
345 188 157 1 
346 189 157 29 
347 190 157 40 
348 191 157 6 
349 192 157 4 
350 192 158 -11 
351 193 158 2 
352 194 158 22 
353 194 159 -56 
354 194 160 -11 
355 195 160 8 
356 196 160 11 
357 196 161 -5 
358 196 162 -2 
359 197 162 4 
360 198 162 29 
1 1 0 55 
2 2 0 5 
3 3 0 56 
4 4 0 11 
5 5 0 18 
6 5 1 -17 
7 6 1 1 
8 7 1 30 
9 8 1 11 
10 9 1 23 
11 9 2 -15 
12 10 2 7 
13 10 3 -10 
14 11 3 4 
15 11 4 -1 
16 12 4 23 
17 13 4 79 
18 13 5 -11 
19 14 5 35 
20 15 5 53 
21 16 5 14 
22 17 5 67 
23 18 5 27 
24 19 5 22 
25 20 5 72 
26 21 5 52 
27 22 5 32 
28 23 5 4 
29 23 6 -23 
30 24 6 54 
31 25 6 50 
32 25 7 -29 
33 26 7 1 
34 27 7 45 
35 27 8 -8 
36 28 8 40 
37 28 9 -12 
38 28 10 -16 
39 29 10 18 
40 29 11 -13 
41 29 12 -18 
42 29 13 -40 
43 30 13 71 
44 30 14 -2 
45 30 15 -15 
46 30 16 -10 
47 31 16 2 
48 32 16 64 
49 33 16 3 
50 33 17 -8 
51 34 17 43 
52 35 17 5 
53 35 18 -31 
54 35 19 -2 
55 36 19 16 
56 37 19 2 
57 38 19 14 
58 39 19 20 
59 40 19 8 
60 41 19 24 
61 42 19 15 
62 42 20 -10 
63 43 20 42 
64 43 21 -69 
65 44 21 1 
66 45 21 4 
67 46 21 20 
68 47 21 8 
69 48 21 15 
70 48 22 -3 
71 48 23 -7 
72 49 23 2 
73 50 23 10 
74 50 24 -9 
75 50 25 -15 
76 50 26 -31 
77 50 27 -10 
78 51 27 76 
79 51 28 -16 
80 52 28 47 
81 52 29 -1 
82 53 29 96 
83 53 30 -4 
84 54 30 80 
85 55 30 4 
86 56 30 42 
87 57 30 64 
88 58 30 17 
89 58 31 -4 
90 58 32 -21 
91 58 33 -7 
92 58 34 -30 
93 59 34 49 
94 60 34 1 
95 61 34 15 
96 62 34 12 
97 63 34 68 
98 63 35 -2 
99 64 35 23 
100 65 35 4 
101 66 35 8 
102 67 35 15 
103 68 35 58 
104 69 35 85 
105 70 35 3 
106 71 35 3 
107 72 35 21 
108 72 36 -1 
109 73 36 26 
110 74 36 7 
111 75 36 7 
112 76 36 57 
113 76 37 -24 
114 77 37 25 
115 78 37 10 
116 78 38 -4 
117 79 38 61 
118 80 38 73 
119 80 39 -37 
120 81 39 62 
121 82 39 13 
122 83 39 2 
123 84 39 40 
124 85 39 3 
125 86 39 10 
126 87 39 14 
127 87 40 -5 
128 88 40 8 
129 88 41 -36 
130 89 41 40 
131 90 41 65 
132 90 42 -3 
133 91 42 118 
134 92 42 7 
135 93 42 24 
136 94 42 37 
137 95 42 9 
138 96 42 4 
139 96 43 -21 
140 97 43 43 
141 98 43 56 
142 98 44 -35 
143 99 44 23 
144 99 45 -1 
145 100 45 37 
146 101 45 7 
147 102 45 23 
148 103 45 15 
149 103 46 -29 
150 104 46 17 
151 105 46 2 
152 106 46 28 
153 107 46 13 
154 107 47 -25 
155 108 47 35 
156 109 47 17 
157 110 47 4 
158 111 47 19 
159 112 47 41 
160 113 47 77 
161 114 47 50 
162 115 47 5 
163 116 47 1 
164 117 47 20 
165 118 47 19 
166 119 47 10 
167 119 48 -17 
168 120 48 15 
169 121 48 65 
170 122 48 2 
171 122 49 -35 
172 123 49 29 
173 124 49 54 
174 124 50 -4 
175 125 50 14 
176 126 50 39 
177 127 50 9 
178 127 51 -14 
179 127 52 -8 
180 128 52 21 
181 129 52 7 
182 130 52 38 
183 131 52 42 
184 132 52 84 
185 132 53 -31 
186 132 54 -4 
187 133 54 55 
188 134 54 58 
189 135 54 17 
190 136 54 36 
191 137 54 2 
192 138 54 9 
193 139 54 16 
194 139 55 -14 
195 140 55 137 
196 141 55 33 
197 142 55 15 
198 143 55 3 
199 144 55 6 
200 145 55 27 
201 146 55 44 
202 146 56 -16 
203 146 57 -1 
204 146 58 -18 
205 147 58 21 
206 147 59 -1 
207 148 59 12 
208 149 59 9 
209 150 59 33 
210 151 59 6 
211 152 59 65 
212 153 59 32 
213 154 59 22 
214 155 59 73 
215 155 60 -1 
216 155 61 -5 
217 156 61 7 
218 156 62 -8 
219 157 62 29 
220 157 63 -6 
221 157 64 -20 
222 158 64 22 
223 159 64 16 
224 159 65 -5 
225 160 65 9 
226 160 66 -3 
227 161 66 13 
228 161 67 -6 
229 162 67 20 
230 163 67 47 
231 163 68 -3 
232 163 69 -28 
233 164 69 18 
234 164 70 -23 
235 165 70 39 
236 166 70 31 
237 167 70 32 
238 167 71 -3 
239 168 71 7 
240 169 71 41 
241 170 71 13 
242 171 71 27 
243 172 71 33 
244 173 71 11 
245 174 71 30 
246 175 71 38 
247 176 71 51 
248 177 71 11 
249 178 71 27 
250 179 71 6 
251 180 71 16 
252 181 71 73 
253 182 71 35 
254 183 71 36 
255 184 71 10 
256 185 71 3 
257 185 72 -2 
258 185 73 -5 
259 186 73 45 
260 187 73 32 
261 188 73 58 
262 188 74 -5 
263 188 75 -1 
264 188 76 -29 
265 189 76 34 
266 189 77 -1 
267 189 78 -12 
268 190 78 67 
269 190 79 -1 
270 191 79 65 
271 192 79 30 
272 192 80 -11 
273 193 80 49 
274 194 80 20 
275 194 81 -1 
276 195 81 67 
277 196 81 103 
278 197 81 34 
279 198 81 1 
280 199 81 16 
281 200 81 33 
282 201 81 37 
283 202 81 34 
284 203 81 64 
285 203 82 -23 
286 204 82 8 
287 205 82 99 
288 206 82 34 
289 207 82 95 
290 207 83 -21 
291 208 83 23 
292 209 83 8 
293 210 83 17 
294 211 83 48 
295 212 83 11 
296 213 83 57 
297 214 83 34 
298 215 83 57 
299 216 83 64 
300 217 83 3 
301 218 83 16 
302 219 83 23 
303 220 83 5 
304 221 83 3 
305 222 83 11 
306 222 84 -39 
307 222 85 -30 
308 223 85 36 
309 223 86 -19 
310 224 86 16 
311 225 86 55 
312 226 86 58 
313 226 87 -1 
314 227 87 32 
315 227 88 -1 
316 228 88 7 
317 229 88 79 
318 230 88 1 
319 231 88 10 
320 232 88 1 
321 233 88 29 
322 234 88 16 
323 235 88 17 
324 236 88 126 
325 237 88 33 
326 237 89 -4 
327 238 89 7 
328 239 89 71 
329 240 89 9 
330 241 89 48 
331 241 90 -1 
332 242 90 13 
333 243 90 20 
334 243 91 -51 
335 244 91 10 
336 245 91 94 
337 246 91 24 
338 247 91 31 
339 248 91 5 
340 249 91 57 
341 249 92 -2 
342 250 92 27 
343 251 92 19 
344 252 92 1 
345 253 92 6 
346 253 93 -8 
347 253 94 -1 
348 253 95 -3 
349 254 95 18 
350 254 96 -2 
351 254 97 -14 
352 254 98 -3 
353 255 98 38 
354 256 98 21 
355 257 98 23 
356 258 98 15 
357 259 98 104 
358 260 98 36 
359 261 98 49 
360 262 98 6 
361 263 98 54 
362 264 98 24 
363 265 98 8 
364 266 98 90 
365 267 98 6 
366 268 98 42 
367 269 98 7 
368 269 99 -4 
369 269 100 -4 
370 269 101 -7 
371 270 101 19 
372 271 101 92 
373 272 101 1 
374 272 102 -1 
375 273 102 65 
376 273 103 -12 
377 274 103 5 
378 274 104 -12 
379 274 105 -9 
380 275 105 3 
381 276 105 32 
382 277 105 51 
383 277 106 -11 
384 278 106 9 
385 279 106 7 
386 279 107 -3 
387 280 107 5 
388 281 107 28 
389 282 107 46 
390 283 107 107 
391 283 108 -13 
392 283 109 -1 
393 284 109 22 
394 285 109 82 
395 286 109 21 
396 287 109 7 
397 288 109 7 
398 288 110 -1 
399 289 110 31 
400 290 110 20 
401 291 110 51 
402 292 110 3 
403 293 110 84 
404 294 110 34 
405 294 111 -3 
406 295 111 4 
407 295 112 -40 
408 296 112 77 
409 296 113 -13 
410 296 114 -5 
411 297 114 21 
412 298 114 90 
413 298 115 -6 
414 299 115 31 
415 299 116 -5 
416 300 116 38 
417 301 116 30 
418 302 116 51 
419 303 116 9 
420 303 117 -25 
421 303 118 -27 
422 304 118 1 
423 305 118 11 
424 306 118 96 
425 307 118 63 
426 308 118 3 
427 309 118 34 
428 310 118 31 
429 310 119 -2 
430 311 119 7 
431 311 120 -4 
432 311 121 -23 
433 312 121 61 
434 313 121 56 
435 313 122 -1 
436 314 122 29 
437 315 122 19 
438 316 122 5 
439 317 122 55 
440 317 123 -9 
441 318 123 92 
442 318 124 -26 
443 319 124 57 
444 320 124 82 
445 321 124 54 
446 322 124 51 
447 322 125 -1 
448 322 126 -1 
449 323 126 40 
450 323 127 -22 
451 324 127 4 
452 324 128 -5 
453 325 128 15 
454 326 128 73 
455 327 128 50 
456 327 129 -37 
457 328 129 62 
458 328 130 -35 
459 329 130 93 
460 329 131 -21 
461 330 131 19 
462 330 132 -9 
463 331 132 78 
464 331 133 -15 
465 331 134 -17 
466 332 134 46 
467 333 134 5 
468 334 134 27 
469 335 134 41 
470 336 134 53 
471 337 134 33 
472 338 134 1 
473 339 134 25 
474 339 135 -5 
475 340 135 9 
476 341 135 33 
477 342 135 8 
478 343 135 65 
479 344 135 7 
480 345 135 43 
481 346 135 10 
482 347 135 39 
483 347 136 -2 
484 348 136 10 
485 348 137 -12 
486 349 137 9 
487 350 137 5 
488 351 137 57 
489 352 137 22 
490 352 138 -20 
491 353 138 1 
492 354 138 7 
493 354 139 -48 
494 355 139 2 
495 356 139 3 
496 357 139 12 
497 358 139 118 
498 359 139 91 
499 360 139 45 
500 360 140 -3 
501 360 141 -50 
502 360 142 -27 
503 360 143 -12 
504 361 143 10 
505 362 143 2 
506 363 143 1 
507 364 143 28 
508 365 143 79 
509 365 144 -11 
510 366 144 19 
511 367 144 4 
512 367 145 -11 
513 368 145 38 
514 369 145 37 
515 370 145 83 
516 370 146 -10 
517 371 146 5 
518 372 146 41 
519 373 146 12 
520 373 147 -12 
521 373 148 -4 
522 374 148 27 
523 375 148 7 
524 376 148 20 
525 377 148 61 
526 378 148 59 
527 378 149 -13 
528 378 150 -5 
529 379 150 19 
530 380 150 76 
531 380 151 -10 
532 380 152 -21 
533 381 152 41 
534 382 152 25 
535 383 152 80 
536 384 152 1 
537 384 153 -14 
538 385 153 8 
539 385 154 -47 
540 386 154 41 
541 387 154 40 
542 388 154 3 
543 389 154 37 
544 390 154 1 
545 390 155 -6 
546 391 155 6 
547 392 155 3 
548 392 156 -3 
549 393 156 34 
550 393 157 -5 
551 394 157 17 
552 395 157 4 
553 396 157 85 
554 397 157 49 
555 398 157 9 
556 399 157 13 
557 400 157 46 
558 401 157 18 
559 402 157 43 
560 403 157 64 
561 403 158 -24 
562 403 159 -15 
563 403 160 -34 
564 404 160 107 
565 405 160 65 
566 406 160 3 
567 407 160 52 
568 408 160 3 
569 409 160 2 
570 409 161 -38 
571 409 162 -2 
572 410 162 48 
573 411 162 5 
574 412 162 12 
575 413 162 1 
576 414 162 1 
577 415 162 3 
578 415 163 -5 
579 416 163 82 
580 417 163 37 
581 418 163 3 
582 419 163 85 
583 420 163 67 
584 421 163 26 
585 422 163 78 
586 422 164 -2 
587 423 164 22 
588 423 165 -55 
589 424 165 6 
590 425 165 70 
591 426 165 53 
592 426 166 -2 
593 427 166 49 
594 428 166 7 
595 429 166 102 
596 430 166 34 
597 431 166 38 
598 432 166 11 
599 433 166 50 
600 434 166 1 
601 435 166 2 
602 436 166 43 
603 436 167 -20 
604 436 168 -54 
605 437 168 55 
606 437 169 -16 
607 438 169 1 
608 438 170 -4 
609 438 171 -1 
610 439 171 25 
611 439 172 -7 
612 440 172 79 
613 441 172 13 
614 442 172 34 
615 443 172 5 
616 444 172 26 
617 444 173 -21 
618 444 174 -52 
619 445 174 25 
620 446 174 3 
621 447 174 13 
622 448 174 38 
623 448 175 -20 
624 448 176 -3 
625 449 176 95 
626 449 177 -20 
627 450 177 30 
628 450 178 -3 
629 450 179 -53 
630 450 180 -1 
631 451 180 24 
632 452 180 55 
633 453 180 22 
634 453 181 -7 
635 454 181 40 
636 455 181 4 
637 456 181 11 
638 456 182 -3 
639 457 182 3 
640 458 182 3 
641 459 182 8 
642 460 182 26 
643 461 182 2 
644 462 182 2 
645 463 182 86 
646 463 183 -8 
647 464 183 59 
648 465 183 49 
649 465 184 -3 
650 466 184 25 
651 467 184 22 
652 468 184 6 
653 469 184 20 
654 469 185 -40 
655 470 185 30 
656 471 185 20 
657 472 185 82 
658 473 185 17 
659 474 185 64 
660 474 186 -13 
661 475 186 51 
662 476 186 104 
663 476 187 -26 
664 477 187 62 
665 478 187 3 
666 479 187 48 
667 480 187 17 
668 480 188 -21 
669 481 188 22 
670 482 188 67 
671 482 189 -14 
672 483 189 37 
673 484 189 13 
674 485 189 44 
675 486 189 10 
676 487 189 27 
677 487 190 -7 
678 488 190 28 
679 489 190 52 
680 489 191 -8 
681 490 191 10 
682 491 191 1 
683 492 191 20 
684 493 191 7 
685 494 191 78 
686 495 191 11 
687 496 191 12 
688 496 192 -7 
689 497 192 42 
690 498 192 96 
691 499 192 49 
692 500 192 30 
693 501 192 19 
694 501 193 -40 
695 502 193 4 
696 503 193 2 
697 503 194 -1 
698 504 194 6 
699 505 194 11 
700 505 195 -22 
701 506 195 1 
702 507 195 67 
703 508 195 9 
704 509 195 3 
705 510 195 61 
706 510 196 -27 
707 511 196 23 
708 511 197 -7 
709 512 197 83 
710 513 197 15 
711 513 198 -3 
712 514 198 60 
713 515 198 6 
714 516 198 138 
715 516 199 -3 
716 516 200 -10 
717 517 200 91 
718 518 200 22 
719 519 200 51 
720 520 200 4 
721 521 200 97 
722 522 200 17 
723 523 200 40 
724 524 200 38 
725 525 200 5 
726 525 201 -25 
727 526 201 32 
728 526 202 -64 
729 527 202 1 
730 527 203 -3 
731 528 203 52 
732 529 203 5 
733 530 203 3 
734 530 204 -12 
735 531 204 31 
736 531 205 -1 
737 532 205 47 
738 532 206 -1 
739 532 207 -3 
740 532 208 -9 
741 533 208 47 
742 534 208 11 
743 535 208 12 
744 536 208 36 
745 536 209 -15 
746 537 209 84 
747 538 209 30 
748 539 209 13 
749 540 209 103 
750 540 210 -21 
751 541 210 27 
752 542 210 34 
753 543 210 15 
754 544 210 55 
755 545 210 2 
756 546 210 6 
757 546 211 -4 
758 546 212 -27 
759 547 212 22 
760 548 212 80 
761 549 212 22 
762 550 212 33 
763 550 213 -15 
764 550 214 -1 
765 551 214 3 
766 552 214 41 
767 553 214 42 
768 554 214 62 
769 554 215 -11 
770 555 215 72 
771 555 216 -32 
772 556 216 13 
773 556 217 -30 
774 557 217 63 
775 558 217 40 
776 559 217 18 
777 559 218 -36 
778 560 218 63 
779 561 218 2 
780 562 218 45 
781 562 219 -1 
782 563 219 29 
783 564 219 59 
784 565 219 78 
785 566 219 16 
786 566 220 -3 
787 567 220 52 
788 568 220 39 
789 568 221 -72 
790 568 222 -6 
791 569 222 93 
792 570 222 94 
793 570 223 -5 
794 571 223 14 
795 572 223 28 
796 573 223 21 
797 573 224 -24 
798 574 224 70 
799 574 225 -3 
800 574 226 -11 
801 575 226 55 
802 576 226 74 
803 577 226 118 
804 577 227 -1 
805 578 227 4 
806 579 227 19 
807 580 227 10 
808 580 228 -1 
809 581 228 9 
810 582 228 35 
811 582 229 -2 
812 582 230 -3 
813 583 230 57 
814 584 230 95 
815 585 230 13 
816 586 230 7 
817 587 230 14 
818 588 230 115 
819 589 230 23 
820 590 230 19 
821 591 230 21 
822 592 230 33 
823 593 230 91 
824 594 230 15 
825 595 230 4 
826 595 231 -7 
827 595 232 -8 
828 595 233 -40 
829 596 233 23 
830 596 234 -2 
831 597 234 33 
832 597 235 -8 
833 598 235 24 
834 599 235 70 
835 600 235 116 
836 601 235 3 
837 602 235 1 
838 603 235 27 
839 604 235 55 
840 604 236 -16 
841 604 237 -3 
842 605 237 22 
843 605 238 -18 
844 606 238 40 
845 606 239 -2 
846 606 240 -3 
847 606 241 -15 
848 607 241 48 
849 607 242 -9 
850 607 243 -28 
851 608 243 62 
852 609 243 5 
853 610 243 79 
854 610 244 -15 
855 611 244 12 
856 611 245 -14 
857 612 245 57 
858 612 246 -4 
859 612 247 -36 
860 613 247 4 
861 614 247 48 
862 615 247 10 
863 616 247 1 
864 617 247 26 
865 618 247 21 
866 619 247 19 
867 620 247 2 
868 621 247 60 
869 622 247 32 
870 623 247 44 
871 624 247 24 
872 624 248 -6 
873 625 248 32 
874 626 248 41 
875 627 248 69 
876 628 248 28 
877 629 248 7 
878 630 248 1 
879 631 248 98 
880 632 248 51 
881 633 248 41 
882 634 248 65 
883 634 249 -15 
884 634 250 -31 
885 635 250 21 
886 636 250 54 
887 636 251 -16 
888 637 251 28 
889 638 251 1 
890 639 251 15 
891 640 251 14 
892 640 252 -3 
893 641 252 33 
894 642 252 4 
895 642 253 -25 
896 642 254 -27 
897 643 254 36 
898 644 254 115 
899 645 254 7 
900 645 255 -11 
901 646 255 12 
902 647 255 42 
903 648 255 88 
904 649 255 7 
905 649 256 -25 
906 650 256 15 
907 651 256 3 
908 651 257 -4 
909 651 258 -37 
910 651 259 -17 
911 652 259 6 
912 652 260 -3 
913 653 260 57 
914 654 260 14 
915 655 260 9 
916 656 260 42 
917 656 261 -1 
918 656 262 -57 
919 656 263 -2 
920 656 264 -7 
921 656 265 -1 
922 656 266 -21 
923 656 267 -8 
924 656 268 -5 
925 657 268 10 
926 657 269 -29 
927 658 269 20 
928 659 269 90 
929 659 270 -6 
930 660 270 18 
931 661 270 13 
932 662 270 9 
933 663 270 73 
934 663 271 -59 
935 664 271 10 
936 664 272 -19 
937 664 273 -12 
938 665 273 15 
939 665 274 -52 
940 666 274 4 
941 667 274 21 
942 668 274 7 
943 669 274 9 
944 670 274 3 
945 671 274 1 
946 671 275 -12 
947 672 275 21 
948 672 276 -31 
949 673 276 80 
950 673 277 -2 
951 674 277 12 
952 675 277 19 
953 676 277 19 
954 677 277 73 
955 678 277 98 
956 679 277 1 
957 680 277 11 
958 681 277 2 
959 682 277 32 
960 683 277 21 
961 684 277 45 
962 685 277 8 
963 685 278 -46 
964 686 278 86 
965 686 279 -4 
966 687 279 12 
967 688 279 65 
968 689 279 8 
969 690 279 91 
970 691 279 1 
971 692 279 14 
972 692 280 -31 
973 693 280 44 
974 694 280 1 
975 694 281 -45 
976 695 281 3 
977 696 281 107 
978 697 281 83 
979 698 281 59 
980 698 282 -4 
981 699 282 60 
982 700 282 3 
983 701 282 57 
984 702 282 97 
985 703 282 52 
986 704 282 42 
987 705 282 35 
988 705 283 -2 
989 706 283 25 
990 707 283 37 
991 708 283 27 
992 709 283 47 
993 709 284 -1 
994 710 284 2 
995 711 284 2 
996 712 284 37 
997 713 284 47 
998 714 284 4 
999 714 285 -57 
1000 714 286 -1 
1 0 1 -21 
2 0 2 -10 
3 1 2 8 
4 1 3 -11 
5 1 4 -29 
6 2 4 6 
7 2 5 -11 
8 3 5 8 
9 3 6 -5 
10 3 7 -6 
11 3 8 -46 
12 3 9 -28 
13 3 10 -34 
14 4 10 23 
15 5 10 17 
16 5 11 -14 
17 5 12 -5 
18 5 13 -35 
19 6 13 12 
20 6 14 -13 
21 7 14 14 
22 7 15 -2 
23 8 15 22 
24 9 15 96 
25 9 16 -12 
26 9 17 -19 
27 9 18 -12 
28 9 19 -24 
29 9 20 -2 
30 9 21 -3 
31 9 22 -37 
32 9 23 -11 
33 9 24 -43 
34 9 25 -3 
35 10 25 1 
36 10 26 -5 
37 10 27 -45 
38 11 27 55 
39 11 28 -4 
40 11 29 -2 
41 11 30 -19 
42 12 30 11 
43 12 31 -40 
44 12 32 -6 
45 12 33 -36 
46 13 33 49 
47 13 34 -1 
48 14 34 28 
49 15 34 22 
50 15 35 -44 
51 16 35 3 
52 16 36 -28 
53 16 37 -37 
54 16 38 -33 
55 17 38 51 
56 17 39 -50 
57 17 40 -12 
58 17 41 -6 
59 18 41 8 
60 18 42 -11 
61 19 42 2 
62 19 43 -15 
63 19 44 -5 
64 19 45 -21 
65 20 45 14 
66 20 46 -1 
67 20 47 -11 
68 21 47 21 
69 21 48 -13 
70 21 49 -35 
71 21 50 -5 
72 21 51 -25 
73 22 51 5 
74 23 51 51 
75 23 52 -64 
76 24 52 18 
77 24 53 -6 
78 24 54 -6 
79 25 54 1 
80 25 55 -18 
81 26 55 29 
82 26 56 -1 
83 27 56 11 
84 27 57 -5 
85 28 57 30 
86 29 57 67 
87 30 57 30 
88 30 58 -7 
89 30 59 -20 
90 31 59 11 
91 31 60 -59 
92 32 60 2 
93 33 60 13 
94 33 61 -5 
95 33 62 -67 
96 34 62 6 
97 34 63 -21 
98 35 63 11 
99 36 63 7 
100 37 63 36 
101 37 64 -12 
102 38 64 3 
103 38 65 -11 
104 39 65 2 
105 40 65 51 
106 41 65 6 
107 41 66 -1 
108 41 67 -6 
109 41 68 -2 
110 41 69 -32 
111 41 70 -9 
112 42 70 40 
113 43 70 6 
114 43 71 -13 
115 43 72 -5 
116 44 72 19 
117 45 72 56 
118 45 73 -14 
119 45 74 -4 
120 45 75 -13 
121 46 75 33 
122 46 76 -3 
123 46 77 -2 
124 47 77 34 
125 47 78 -3 
126 47 79 -4 
127 47 80 -9 
128 47 81 -1 
129 47 82 -1 
130 48 82 39 
131 48 83 -4 
132 49 83 8 
133 49 84 -15 
134 49 85 -28 
135 50 85 11 
136 51 85 39 
137 52 85 5 
138 52 86 -13 
139 53 86 10 
140 53 87 -38 
141 54 87 26 
142 55 87 1 
143 56 87 48 
144 56 88 -16 
145 57 88 59 
146 57 89 -13 
147 58 89 12 
148 58 90 -32 
149 59 90 2 
150 59 91 -7 
151 59 92 -12 
152 59 93 -53 
153 59 94 -18 
154 60 94 1 
155 61 94 26 
156 62 94 1 
157 62 95 -54 
158 62 96 -19 
159 62 97 -9 
160 62 98 -9 
161 62 99 -32 
162 63 99 7 
163 64 99 10 
164 65 99 2 
165 65 100 -23 
166 66 100 22 
167 66 101 -24 
168 66 102 -1 
169 67 102 3 
170 67 103 -22 
171 67 104 -50 
172 67 105 -36 
173 68 105 1 
174 69 105 5 
175 69 106 -16 
176 69 107 -12 
177 70 107 8 
178 71 107 4 
179 71 108 -13 
180 71 109 -2 
181 72 109 6 
182 72 110 -22 
183 72 111 -25 
184 72 112 -31 
185 72 113 -2 
186 73 113 32 
187 74 113 17 
188 74 114 -2 
189 74 115 -3 
190 74 116 -2 
191 75 116 2 
192 76 116 18 
193 76 117 -16 
194 76 118 -15 
195 77 118 1 
196 77 119 -21 
197 77 120 -9 
198 77 121 -25 
199 77 122 -26 
200 78 122 34 
201 79 122 17 
202 80 122 12 
203 80 123 -11 
204 80 124 -25 
205 81 124 20 
206 82 124 43 
207 82 125 -15 
208 83 125 11 
209 84 125 33 
210 85 125 30 
211 85 126 -1 
212 86 126 4 
213 86 127 -2 
214 86 128 -3 
215 86 129 -3 
216 86 130 -41 
217 86 131 -7 
218 86 132 -13 
219 86 133 -11 
220 87 133 26 
221 87 134 -8 
222 87 135 -54 
223 88 135 21 
224 88 136 -4 
225 89 136 10 
226 89 137 -24 
227 89 138 -40 
228 89 139 -9 
229 89 140 -4 
230 89 141 -11 
231 89 142 -35 
232 90 142 14 
233 91 142 1 
234 91 143 -6 
235 91 144 -19 
236 92 144 2 
237 92 145 -15 
238 92 146 -36 
239 92 147 -18 
240 93 147 11 
241 94 147 61 
242 94 148 -3 
243 94 149 -4 
244 95 149 43 
245 95 150 -3 
246 95 151 -20 
247 96 151 2 
248 96 152 -12 
249 96 153 -26 
250 96 154 -8 
251 96 155 -19 
252 96 156 -14 
253 96 157 -8 
254 96 158 -6 
255 97 158 21 
256 97 159 -5 
257 98 159 3 
258 99 159 27 
259 99 160 -24 
260 99 161 -8 
261 99 162 -16 
262 99 163 -32 
263 99 164 -10 
264 99 165 -10 
265 99 166 -6 
266 99 167 -9 
267 100 167 14 
268 100 168 -32 
269 101 168 14 
270 102 168 19 
271 102 169 -6 
272 103 169 18 
273 103 170 -49 
274 104 170 39 
275 105 170 4 
276 105 171 -14 
277 105 172 -18 
278 105 173 -22 
279 105 174 -29 
280 105 175 -2 
281 105 176 -19 
282 106 176 35 
283 107 176 5 
284 107 177 -3 
285 108 177 5 
286 108 178 -39 
287 109 178 5 
288 110 178 7 
289 110 179 -5 
290 110 180 -20 
291 111 180 22 
292 111 181 -43 
293 111 182 -25 
294 111 183 -2 
295 111 184 -25 
296 111 185 -21 
297 111 186 -22 
298 111 187 -13 
299 112 187 23 
300 112 188 -15 
301 113 188 35 
302 113 189 -17 
303 114 189 22 
304 114 190 -29 
305 114 191 -36 
306 114 192 -1 
307 114 193 -1 
308 114 194 -35 
309 114 195 -42 
310 114 196 -25 
311 114 197 -15 
312 114 198 -23 
313 114 199 -21 
314 114 200 -3 
315 115 200 55 
316 115 201 -43 
317 116 201 22 
318 116 202 -15 
319 116 203 -3 
320 116 204 -4 
321 117 204 6 
322 117 205 -40 
323 117 206 -27 
324 117 207 -1 
325 117 208 -3 
326 118 208 3 
327 118 209 -37 
328 119 209 41 
329 120 209 10 
330 120 210 -9 
331 120 211 -7 
332 121 211 1 
333 121 212 -6 
334 121 213 -32 
335 122 213 5 
336 122 214 -17 
337 123 214 2 
338 124 214 34 
339 125 214 2 
340 125 215 -3 
341 125 216 -2 
342 125 217 -48 
343 125 218 -1 
344 126 218 7 
345 126 219 -21 
346 126 220 -48 
347 127 220 50 
348 127 221 -22 
349 127 222 -3 
350 127 223 -1 
351 127 224 -3 
352 127 225 -13 
353 128 225 20 
354 129 225 11 
355 130 225 1 
356 130 226 -12 
357 131 226 1 
358 131 227 -7 
359 131 228 -39 
360 131 229 -43 
361 131 230 -11 
362 132 230 5 
363 132 231 -15 
364 132 232 -17 
365 132 233 -29 
366 132 234 -8 
367 132 235 -2 
368 132 236 -27 
369 132 237 -21 
370 132 238 -17 
371 133 238 80 
372 133 239 -5 
373 134 239 7 
374 134 240 -11 
375 135 240 69 
376 135 241 -10 
377 135 242 -20 
378 136 242 23 
379 136 243 -7 
380 136 244 -2 
381 136 245 -50 
382 137 245 1 
383 137 246 -46 
384 137 247 -39 
385 137 248 -2 
386 138 248 5 
387 139 248 62 
388 139 249 -2 
389 139 250 -6 
390 139 251 -3 
391 139 252 -21 
392 140 252 5 
393 141 252 18 
394 142 252 1 
395 143 252 35 
396 144 252 18 
397 145 252 14 
398 145 253 -11 
399 146 253 6 
400 146 254 -6 
401 146 255 -18 
402 146 256 -12 
403 146 257 -9 
404 146 258 -35 
405 146 259 -10 
406 146 260 -21 
407 147 260 12 
408 148 260 85 
409 148 261 -11 
410 148 262 -1 
411 149 262 15 
412 149 263 -14 
413 150 263 29 
414 150 264 -14 
415 150 265 -14 
416 150 266 -2 
417 150 267 -7 
418 150 268 -49 
419 151 268 46 
420 151 269 -61 
421 152 269 31 
422 152 270 -19 
423 152 271 -23 
424 153 271 17 
425 154 271 40 
426 154 272 -29 
427 154 273 -16 
428 154 274 -13 
429 154 275 -33 
430 155 275 15 
431 155 276 -4 
432 156 276 11 
433 156 277 -30 
434 156 278 -3 
435 156 279 -16 
436 156 280 -21 
437 157 280 9 
438 158 280 21 
439 159 280 15 
440 159 281 -7 
441 159 282 -37 
442 159 283 -17 
443 159 284 -10 
444 159 285 -17 
445 160 285 23 
446 160 286 -3 
447 160 287 -8 
448 160 288 -2 
449 160 289 -4 
450 160 290 -8 
451 160 291 -1 
452 161 291 5 
453 161 292 -17 
454 162 292 17 
455 163 292 38 
456 163 293 -4 
457 164 293 4 
458 165 293 3 
459 165 294 -21 
460 165 295 -13 
461 165 296 -1 
462 165 297 -1 
463 165 298 -11 
464 166 298 10 
465 167 298 9 
466 167 299 -2 
467 167 300 -3 
468 168 300 29 
469 169 300 17 
470 170 300 5 
471 170 301 -5 
472 171 301 44 
473 171 302 -30 
474 171 303 -1 
475 171 304 -2 
476 171 305 -6 
477 172 305 26 
478 172 306 -15 
479 172 307 -34 
480 172 308 -14 
481 172 309 -5 
482 173 309 20 
483 174 309 8 
484 174 310 -15 
485 175 310 6 
486 176 310 10 
487 176 311 -8 
488 176 312 -32 
489 176 313 -1 
490 176 314 -3 
491 177 314 12 
492 178 314 31 
493 178 315 -14 
494 178 316 -3 
495 179 316 76 
496 179 317 -3 
497 180 317 18 
498 180 318 -22 
499 180 319 -1 
500 180 320 -7 
501 181 320 76 
502 181 321 -20 
503 181 322 -3 
504 181 323 -74 
505 181 324 -30 
506 181 325 -13 
507 182 325 15 
508 182 326 -13 
509 183 326 11 
510 184 326 61 
511 185 326 10 
512 186 326 16 
513 187 326 8 
514 187 327 -1 
515 187 328 -22 
516 187 329 -38 
517 187 330 -6 
518 187 331 -29 
519 187 332 -28 
520 187 333 -22 
521 188 333 7 
522 188 334 -3 
523 188 335 -20 
524 188 336 -25 
525 188 337 -47 
526 188 338 -8 
527 189 338 7 
528 189 339 -11 
529 189 340 -1 
530 189 341 -2 
531 189 342 -43 
532 189 343 -18 
533 189 344 -9 
534 189 345 -82 
535 190 345 33 
536 191 345 14 
537 191 346 -2 
538 191 347 -22 
539 192 347 2 
540 192 348 -20 
541 192 349 -23 
542 192 350 -49 
543 192 351 -7 
544 192 352 -60 
545 192 353 -5 
546 193 353 40 
547 194 353 1 
548 194 354 -52 
549 195 354 11 
550 196 354 1 
551 196 355 -24 
552 197 355 49 
553 198 355 6 
554 198 356 -7 
555 198 357 -29 
556 199 357 13 
557 199 358 -1 
558 199 359 -3 
559 199 360 -30 
560 199 361 -25 
561 199 362 -65 
562 199 363 -20 
563 199 364 -43 
564 199 365 -34 
565 200 365 6 
566 200 366 -14 
567 200 367 -1 
568 201 367 50 
569 202 367 14 
570 202 368 -20 
571 202 369 -1 
572 203 369 9 
573 203 370 -1 
574 204 370 10 
575 205 370 40 
576 205 371 -38 
577 205 372 -19 
578 205 373 -1 
579 205 374 -5 
580 205 375 -6 
581 206 375 62 
582 206 376 -29 
583 206 377 -2 
584 206 378 -29 
585 207 378 48 
586 207 379 -3 
587 207 380 -22 
588 208 380 4 
589 209 380 14 
590 209 381 -7 
591 209 382 -3 
592 210 382 26 
593 210 383 -11 
594 210 384 -5 
595 211 384 9 
596 212 384 16 
597 212 385 -3 
598 213 385 30 
599 214 385 10 
600 215 385 10 
601 215 386 -23 
602 215 387 -11 
603 216 387 4 
604 216 388 -2 
605 216 389 -5 
606 216 390 -39 
607 216 391 -2 
608 216 392 -6 
609 217 392 60 
610 218 392 14 
611 219 392 45 
612 219 393 -21 
613 219 394 -9 
614 220 394 3 
615 220 395 -1 
616 221 395 25 
617 222 395 10 
618 223 395 1 
619 224 395 13 
620 224 396 -28 
621 224 397 -10 
622 225 397 8 
623 226 397 2 
624 226 398 -14 
625 227 398 7 
626 228 398 27 
627 228 399 -13 
628 228 400 -28 
629 228 401 -1 
630 228 402 -47 
631 228 403 -28 
632 228 404 -17 
633 228 405 -10 
634 229 405 9 
635 229 406 -20 
636 230 406 18 
637 230 407 -25 
638 230 408 -7 
639 230 409 -20 
640 230 410 -14 
641 230 411 -21 
642 230 412 -9 
643 231 412 36 
644 231 413 -29 
645 231 414 -14 
646 231 415 -6 
647 231 416 -32 
648 231 417 -2 
649 231 418 -4 
650 231 419 -4 
651 232 419 3 
652 232 420 -4 
653 232 421 -34 
654 233 421 29 
655 233 422 -6 
656 233 423 -3 
657 233 424 -5 
658 233 425 -16 
659 234 425 73 
660 234 426 -13 
661 234 427 -28 
662 234 428 -12 
663 234 429 -17 
664 234 430 -11 
665 235 430 7 
666 236 430 4 
667 236 431 -30 
668 236 432 -5 
669 237 432 6 
670 238 432 4 
671 238 433 -22 
672 239 433 6 
673 239 434 -28 
674 239 435 -9 
675 240 435 53 
676 240 436 -21 
677 240 437 -6 
678 241 437 1 
679 241 438 -27 
680 241 439 -16 
681 242 439 2 
682 242 440 -39 
683 243 440 34 
684 243 441 -3 
685 243 442 -18 
686 244 442 18 
687 244 443 -62 
688 245 443 1 
689 246 443 10 
690 246 444 -28 
691 246 445 -26 
692 246 446 -16 
693 246 447 -15 
694 247 447 34 
695 247 448 -9 
696 247 449 -13 
697 247 450 -3 
698 247 451 -32 
699 247 452 -2 
700 248 452 17 
701 248 453 -3 
702 249 453 8 
703 250 453 13 
704 250 454 -16 
705 251 454 20 
706 251 455 -19 
707 251 456 -15 
708 252 456 14 
709 253 456 14 
710 253 457 -10 
711 254 457 5 
712 254 458 -18 
713 254 459 -13 
714 255 459 1 
715 255 460 -59 
716 256 460 8 
717 256 461 -55 
718 256 462 -13 
719 257 462 26 
720 258 462 4 
721 258 463 -28 
722 258 464 -20 
723 258 465 -11 
724 258 466 -4 
725 258 467 -11 
726 258 468 -33 
727 258 469 -25 
728 259 469 5 
729 259 470 -6 
730 259 471 -27 
731 260 471 54 
732 261 471 21 
733 261 472 -30 
734 261 473 -22 
735 261 474 -47 
736 262 474 31 
737 263 474 42 
738 264 474 1 
739 265 474 2 
740 266 474 67 
741 266 475 -25 
742 266 476 -17 
743 267 476 8 
744 267 477 -32 
745 267 478 -71 
746 268 478 12 
747 268 479 -2 
748 268 480 -18 
749 269 480 13 
750 269 481 -30 
751 269 482 -44 
752 270 482 7 
753 270 483 -42 
754 271 483 7 
755 271 484 -1 
756 272 484 3 
757 272 485 -38 
758 273 485 14 
759 274 485 2 
760 275 485 16 
761 275 486 -7 
762 275 487 -65 
763 275 488 -13 
764 276 488 25 
765 276 489 -23 
766 277 489 16 
767 277 490 -15 
768 278 490 6 
769 278 491 -7 
770 279 491 83 
771 279 492 -76 
772 279 493 -1 
773 279 494 -3 
774 280 494 5 
775 281 494 7 
776 281 495 -13 
777 282 495 9 
778 283 495 7 
779 283 496 -4 
780 283 497 -18 
781 283 498 -16 
782 283 499 -32 
783 283 500 -5 
784 283 501 -2 
785 284 501 5 
786 284 502 -29 
787 284 503 -2 
788 284 504 -31 
789 284 505 -37 
790 284 506 -9 
791 284 507 -8 
792 285 507 16 
793 286 507 9 
794 287 507 1 
795 288 507 6 
796 288 508 -36 
797 288 509 -8 
798 289 509 22 
799 289 510 -38 
800 290 510 51 
801 290 511 -3 
802 291 511 1 
803 291 512 -7 
804 292 512 73 
805 292 513 -8 
806 293 513 17 
807 293 514 -28 
808 294 514 1 
809 294 515 -27 
810 295 515 1 
811 295 516 -24 
812 295 517 -25 
813 295 518 -27 
814 296 518 8 
815 297 518 14 
816 297 519 -7 
817 298 519 8 
818 298 520 -8 
819 299 520 1 
820 300 520 3 
821 300 521 -22 
822 300 522 -1 
823 301 522 23 
824 301 523 -30 
825 301 524 -5 
826 302 524 14 
827 302 525 -15 
828 303 525 3 
829 304 525 51 
830 304 526 -23 
831 304 527 -7 
832 304 528 -16 
833 305 528 3 
834 306 528 14 
835 306 529 -29 
836 306 530 -1 
837 306 531 -1 
838 306 532 -25 
839 307 532 4 
840 307 533 -56 
841 307 534 -15 
842 307 535 -10 
843 308 535 68 
844 308 536 -7 
845 309 536 26 
846 310 536 1 
847 311 536 24 
848 311 537 -33 
849 311 538 -12 
850 311 539 -21 
851 312 539 40 
852 312 540 -1 
853 312 541 -19 
854 313 541 33 
855 314 541 3 
856 314 542 -15 
857 315 542 10 
858 315 543 -13 
859 315 544 -8 
860 316 544 1 
861 316 545 -26 
862 316 546 -4 
863 317 546 116 
864 318 546 3 
865 319 546 18 
866 319 547 -44 
867 320 547 15 
868 321 547 41 
869 321 548 -18 
870 322 548 42 
871 322 549 -12 
872 323 549 1 
873 323 550 -1 
874 323 551 -9 
875 323 552 -34 
876 323 553 -3 
877 323 554 -12 
878 323 555 -1 
879 323 556 -1 
880 323 557 -15 
881 324 557 21 
882 324 558 -61 
883 324 559 -16 
884 325 559 23 
885 326 559 4 
886 326 560 -38 
887 327 560 16 
888 328 560 5 
889 329 560 3 
890 330 560 33 
891 331 560 10 
892 331 561 -73 
893 332 561 54 
894 333 561 35 
895 333 562 -6 
896 333 563 -38 
897 334 563 28 
898 334 564 -4 
899 334 565 -7 
900 335 565 12 
901 335 566 -17 
902 336 566 18 
903 336 567 -1 
904 336 568 -37 
905 336 569 -23 
906 336 570 -9 
907 336 571 -34 
908 337 571 16 
909 337 572 -21 
910 337 573 -2 
911 337 574 -10 
912 337 575 -61 
913 337 576 -10 
914 337 577 -7 
915 338 577 8 
916 338 578 -9 
917 338 579 -18 
918 338 580 -9 
919 338 581 -4 
920 339 581 9 
921 340 581 34 
922 341 581 27 
923 342 581 25 
924 343 581 20 
925 344 581 36 
926 344 582 -3 
927 344 583 -19 
928 345 583 7 
929 345 584 -1 
930 345 585 -18 
931 345 586 -2 
932 345 587 -2 
933 345 588 -12 
934 345 589 -32 
935 346 589 5 
936 346 590 -23 
937 347 590 12 
938 347 591 -15 
939 348 591 4 
940 349 591 12 
941 349 592 -17 
942 350 592 41 
943 351 592 6 
944 352 592 18 
945 352 593 -2 
946 352 594 -3 
947 352 595 -12 
948 352 596 -2 
949 352 597 -14 
950 352 598 -2 
951 352 599 -15 
952 353 599 34 
953 354 599 23 
954 354 600 -18 
955 354 601 -15 
956 355 601 15 
957 356 601 3 
958 356 602 -20 
959 357 602 83 
960 357 603 -27 
961 357 604 -12 
962 357 605 -43 
963 357 606 -38 
964 357 607 -7 
965 358 607 4 
966 358 608 -21 
967 359 608 14 
968 359 609 -2 
969 360 609 2 
970 361 609 16 
971 361 610 -5 
972 362 610 3 
973 362 611 -36 
974 362 612 -31 
975 362 613 -1 
976 363 613 2 
977 363 614 -22 
978 364 614 2 
979 364 615 -1 
980 364 616 -42 
981 365 616 11 
982 365 617 -1 
983 366 617 56 
984 366 618 -3 
985 367 618 2 
986 367 619 -61 
987 367 620 -16 
988 368 620 6 
989 368 621 -8 
990 368 622 -37 
991 368 623 -1 
992 369 623 25 
993 369 624 -18 
994 369 625 -19 
995 369 626 -32 
996 369 627 -58 
997 370 627 7 
998 371 627 3 
999 372 627 4 
1000 373 627 33 
1 0 1 -11 
2 0 2 -3 
3 0 3 -122 
4 0 4 -36 
5 0 5 -90 
6 1 5 1 
7 1 6 -4 
8 1 7 -32 
9 1 8 -88 
10 1 9 -63 
11 1 10 -34 
12 1 11 -20 
13 1 12 -48 
14 1 13 -52 
15 1 14 -69 
16 1 15 -48 
17 1 16 -98 
18 1 17 -58 
19 1 18 -7 
20 2 18 18 
21 2 19 -40 
22 3 19 6 
23 3 20 -64 
24 3 21 -51 
25 3 22 -33 
26 4 22 23 
27 4 23 -36 
28 5 23 33 
29 5 24 -1 
30 5 25 -94 
31 5 26 -65 
32 5 27 -48 
33 5 28 -10 
34 5 29 -2 
35 5 30 -20 
36 5 31 -65 
37 5 32 -55 
38 6 32 18 
39 6 33 -39 
40 6 34 -21 
41 7 34 3 
42 7 35 -65 
43 8 35 11 
44 8 36 -41 
45 8 37 -10 
46 8 38 -5 
47 8 39 -37 
48 8 40 -61 
49 8 41 -19 
50 8 42 -4 
51 8 43 -25 
52 8 44 -21 
53 8 45 -70 
54 8 46 -129 
55 8 47 -9 
56 8 48 -35 
57 8 49 -19 
58 8 50 -20 
59 8 51 -4 
60 9 51 7 
61 9 52 -16 
62 9 53 -10 
63 9 54 -132 
64 9 55 -24 
65 9 56 -3 
66 9 57 -16 
67 9 58 -26 
68 9 59 -34 
69 9 60 -36 
70 9 61 -48 
71 9 62 -11 
72 9 63 -12 
73 9 64 -36 
74 10 64 1 
75 10 65 -81 
76 10 66 -24 
77 10 67 -27 
78 11 67 2 
79 11 68 -72 
80 11 69 -2 
81 11 70 -66 
82 11 71 -130 
83 11 72 -42 
84 11 73 -56 
85 11 74 -65 
86 11 75 -15 
87 11 76 -5 
88 11 77 -19 
89 11 78 -15 
90 11 79 -43 
91 11 80 -83 
92 11 81 -6 
93 12 81 1 
94 12 82 -26 
95 12 83 -2 
96 12 84 -28 
97 12 85 -74 
98 12 86 -9 
99 13 86 23 
100 13 87 -114 
101 13 88 -1 
102 13 89 -70 
103 13 90 -55 
104 13 91 -6 
105 13 92 -25 
106 13 93 -5 
107 13 94 -68 
108 13 95 -82 
109 14 95 4 
110 14 96 -29 
111 14 97 -16 
112 14 98 -124 
113 14 99 -15 
114 14 100 -47 
115 14 101 -82 
116 14 102 -12 
117 14 103 -6 
118 14 104 -1 
119 14 105 -26 
120 15 105 17 
121 15 106 -49 
122 15 107 -26 
123 15 108 -50 
124 15 109 -11 
125 16 109 4 
126 16 110 -20 
127 17 110 11 
128 17 111 -2 
129 18 111 5 
130 18 112 -17 
131 18 113 -6 
132 19 113 1 
133 19 114 -94 
134 20 114 2 
135 20 115 -26 
136 20 116 -46 
137 20 117 -29 
138 20 118 -8 
139 20 119 -90 
140 20 120 -82 
141 20 121 -1 
142 20 122 -34 
143 20 123 -4 
144 20 124 -29 
145 20 125 -27 
146 20 126 -51 
147 20 127 -38 
148 20 128 -11 
149 20 129 -92 
150 20 130 -75 
151 20 131 -141 
152 20 132 -34 
153 20 133 -64 
154 20 134 -7 
155 20 135 -43 
156 21 135 13 
157 21 136 -6 
158 21 137 -28 
159 21 138 -79 
160 21 139 -35 
161 21 140 -69 
162 21 141 -4 
163 22 141 8 
164 22 142 -46 
165 22 143 -33 
166 22 144 -27 
167 22 145 -87 
168 22 146 -42 
169 22 147 -63 
170 22 148 -72 
171 22 149 -3 
172 22 150 -40 
173 23 150 4 
174 23 151 -3 
175 24 151 17 
176 24 152 -19 
177 24 153 -8 
178 24 154 -14 
179 24 155 -8 
180 24 156 -5 
181 25 156 8 
182 25 157 -19 
183 25 158 -8 
184 25 159 -21 
185 25 160 -23 
186 25 161 -3 
187 25 162 -27 
188 25 163 -63 
189 25 164 -11 
190 25 165 -39 
191 25 166 -115 
192 25 167 -67 
193 25 168 -134 
194 25 169 -19 
195 25 170 -23 
196 25 171 -10 
197 25 172 -23 
198 25 173 -28 
199 25 174 -81 
200 25 175 -48 
201 25 176 -19 
202 25 177 -9 
203 25 178 -63 
204 25 179 -1 
205 25 180 -37 
206 25 181 -9 
207 25 182 -36 
208 25 183 -9 
209 25 184 -23 
210 25 185 -52 
211 25 186 -7 
212 25 187 -13 
213 25 188 -8 
214 25 189 -51 
215 25 190 -3 
216 25 191 -127 
217 25 192 -70 
218 25 193 -54 
219 25 194 -64 
220 25 195 -52 
221 25 196 -33 
222 25 197 -66 
223 25 198 -28 
224 25 199 -23 
225 25 200 -72 
226 25 201 -68 
227 25 202 -99 
228 25 203 -19 
229 25 204 -66 
230 25 205 -4 
231 25 206 -52 
232 25 207 -2 
233 26 207 4 
234 26 208 -54 
235 26 209 -55 
236 26 210 -41 
237 26 211 -23 
238 26 212 -111 
239 26 213 -32 
240 26 214 -18 
241 26 215 -2 
242 26 216 -94 
243 26 217 -4 
244 26 218 -120 
245 26 219 -7 
246 26 220 -7 
247 26 221 -62 
248 26 222 -27 
249 27 222 17 
250 27 223 -37 
251 27 224 -89 
252 27 225 -89 
253 27 226 -26 
254 27 227 -83 
255 27 228 -104 
256 27 229 -62 
257 27 230 -54 
258 27 231 -6 
259 27 232 -2 
260 27 233 -23 
261 27 234 -20 
262 28 234 37 
263 28 235 -139 
264 28 236 -61 
265 28 237 -74 
266 28 238 -59 
267 28 239 -34 
268 29 239 10 
269 29 240 -82 
270 29 241 -41 
271 29 242 -40 
272 29 243 -8 
273 29 244 -21 
274 29 245 -6 
275 29 246 -25 
276 30 246 64 
277 31 246 16 
278 32 246 1 
279 33 246 3 
280 33 247 -5 
281 33 248 -61 
282 34 248 30 
283 34 249 -22 
284 35 249 7 
285 35 250 -34 
286 35 251 -12 
287 36 251 15 
288 36 252 -55 
289 36 253 -95 
290 36 254 -13 
291 37 254 15 
292 37 255 -86 
293 37 256 -6 
294 37 257 -20 
295 37 258 -37 
296 38 258 20 
297 39 258 58 
298 39 259 -1 
299 39 260 -78 
300 40 260 1 
301 40 261 -9 
302 40 262 -1 
303 40 263 -88 
304 40 264 -3 
305 40 265 -51 
306 40 266 -12 
307 40 267 -77 
308 40 268 -16 
309 40 269 -2 
310 41 269 13 
311 41 270 -70 
312 41 271 -111 
313 41 272 -57 
314 41 273 -5 
315 42 273 38 
316 43 273 3 
317 43 274 -56 
318 43 275 -40 
319 43 276 -88 
320 43 277 -63 
321 43 278 -55 
322 44 278 4 
323 44 279 -17 
324 45 279 1 
325 45 280 -4 
326 45 281 -19 
327 45 282 -40 
328 45 283 -55 
329 45 284 -42 
330 45 285 -7 
331 45 286 -23 
332 45 287 -82 
333 45 288 -53 
334 45 289 -20 
335 45 290 -50 
336 45 291 -21 
337 45 292 -59 
338 45 293 -19 
339 45 294 -15 
340 46 294 16 
341 47 294 38 
342 47 295 -14 
343 47 296 -16 
344 47 297 -8 
345 47 298 -21 
346 47 299 -96 
347 48 299 3 
348 49 299 34 
349 49 300 -129 
350 49 301 -63 
351 49 302 -89 
352 50 302 7 
353 50 303 -36 
354 50 304 -54 
355 50 305 -40 
356 50 306 -17 
357 50 307 -32 
358 50 308 -20 
359 50 309 -30 
360 51 309 37 
361 52 309 2 
362 52 310 -19 
363 52 311 -72 
364 53 311 12 
365 53 312 -7 
366 53 313 -69 
367 53 314 -57 
368 53 315 -22 
369 53 316 -92 
370 54 316 15 
371 55 316 5 
372 55 317 -23 
373 55 318 -2 
374 55 319 -49 
375 55 320 -19 
376 56 320 4 
377 56 321 -23 
378 57 321 13 
379 58 321 40 
380 58 322 -13 
381 58 323 -8 
382 58 324 -54 
383 58 325 -27 
384 58 326 -7 
385 58 327 -23 
386 58 328 -10 
387 58 329 -23 
388 58 330 -28 
389 58 331 -6 
390 58 332 -14 
391 58 333 -100 
392 58 334 -12 
393 58 335 -8 
394 58 336 -100 
395 58 337 -19 
396 58 338 -9 
397 58 339 -14 
398 59 339 6 
399 59 340 -55 
400 59 341 -61 
401 60 341 13 
402 60 342 -26 
403 60 343 -24 
404 60 344 -6 
405 60 345 -83 
406 60 346 -87 
407 60 347 -30 
408 60 348 -52 
409 60 349 -77 
410 60 350 -66 
411 61 350 1 
412 62 350 9 
413 62 351 -46 
414 62 352 -79 
415 62 353 -6 
416 62 354 -36 
417 62 355 -93 
418 62 356 -96 
419 62 357 -32 
420 63 357 67 
421 63 358 -11 
422 63 359 -7 
423 63 360 -30 
424 63 361 -9 
425 64 361 1 
426 64 362 -7 
427 64 363 -90 
428 64 364 -71 
429 64 365 -72 
430 65 365 19 
431 65 366 -20 
432 65 367 -37 
433 65 368 -46 
434 65 369 -58 
435 65 370 -22 
436 65 371 -46 
437 65 372 -84 
438 65 373 -42 
439 65 374 -32 
440 65 375 -14 
441 65 376 -50 
442 66 376 2 
443 66 377 -26 
444 66 378 -33 
445 66 379 -85 
446 66 380 -7 
447 66 381 -73 
448 66 382 -82 
449 66 383 -22 
450 66 384 -109 
451 66 385 -34 
452 66 386 -36 
453 66 387 -93 
454 66 388 -76 
455 67 388 6 
456 67 389 -17 
457 67 390 -2 
458 67 391 -29 
459 67 392 -44 
460 67 393 -24 
461 67 394 -49 
462 67 395 -30 
463 68 395 1 
464 68 396 -11 
465 68 397 -16 
466 68 398 -68 
467 68 399 -10 
468 68 400 -27 
469 68 401 -13 
470 68 402 -8 
471 69 402 21 
472 69 403 -32 
473 69 404 -68 
474 69 405 -8 
475 70 405 33 
476 70 406 -81 
477 71 406 15 
478 71 407 -39 
479 72 407 31 
480 72 408 -6 
481 72 409 -43 
482 72 410 -73 
483 73 410 17 
484 73 411 -18 
485 73 412 -15 
486 73 413 -88 
487 73 414 -2 
488 74 414 13 
489 74 415 -4 
490 74 416 -10 
491 74 417 -99 
492 75 417 13 
493 75 418 -41 
494 75 419 -41 
495 75 420 -37 
496 75 421 -46 
497 76 421 2 
498 76 422 -27 
499 77 422 6 
500 77 423 -43 
501 77 424 -28 
502 78 424 28 
503 78 425 -35 
504 79 425 12 
505 79 426 -47 
506 79 427 -62 
507 79 428 -71 
508 79 429 -83 
509 79 430 -86 
510 79 431 -99 
511 79 432 -39 
512 79 433 -81 
513 79 434 -11 
514 79 435 -8 
515 79 436 -105 
516 79 437 -9 
517 79 438 -94 
518 79 439 -20 
519 79 440 -80 
520 79 441 -40 
521 79 442 -66 
522 79 443 -16 
523 79 444 -13 
524 80 444 11 
525 80 445 -98 
526 80 446 -23 
527 80 447 -117 
528 80 448 -29 
529 80 449 -20 
530 80 450 -4 
531 80 451 -46 
532 80 452 -72 
533 80 453 -11 
534 81 453 1 
535 81 454 -33 
536 81 455 -15 
537 81 456 -26 
538 81 457 -57 
539 81 458 -57 
540 81 459 -104 
541 81 460 -62 
542 81 461 -6 
543 82 461 11 
544 82 462 -91 
545 83 462 8 
546 83 463 -21 
547 83 464 -17 
548 84 464 71 
549 85 464 12 
550 86 464 31 
551 86 465 -66 
552 87 465 34 
553 87 466 -26 
554 87 467 -100 
555 88 467 13 
556 88 468 -20 
557 88 469 -25 
558 89 469 2 
559 89 470 -125 
560 89 471 -38 
561 89 472 -48 
562 89 473 -6 
563 89 474 -49 
564 89 475 -8 
565 90 475 2 
566 90 476 -21 
567 90 477 -26 
568 90 478 -12 
569 90 479 -84 
570 90 480 -12 
571 90 481 -43 
572 90 482 -16 
573 90 483 -10 
574 90 484 -32 
575 90 485 -29 
576 90 486 -37 
577 90 487 -24 
578 90 488 -72 
579 90 489 -20 
580 90 490 -143 
581 90 491 -40 
582 90 492 -14 
583 90 493 -21 
584 90 494 -32 
585 90 495 -46 
586 90 496 -111 
587 90 497 -10 
588 90 498 -9 
589 90 499 -28 
590 90 500 -21 
591 90 501 -24 
592 90 502 -10 
593 91 502 1 
594 92 502 14 
595 93 502 6 
596 93 503 -17 
597 93 504 -15 
598 94 504 21 
599 95 504 6 
600 95 505 -9 
601 95 506 -69 
602 96 506 9 
603 96 507 -67 
604 96 508 -15 
605 96 509 -124 
606 97 509 4 
607 97 510 -56 
608 97 511 -10 
609 97 512 -122 
610 97 513 -42 
611 97 514 -68 
612 97 515 -70 
613 98 515 10 
614 98 516 -68 
615 98 517 -31 
616 99 517 9 
617 99 518 -121 
618 100 518 58 
619 100 519 -41 
620 100 520 -2 
621 100 521 -54 
622 100 522 -31 
623 100 523 -118 
624 100 524 -15 
625 101 524 6 
626 101 525 -8 
627 101 526 -42 
628 101 527 -47 
629 102 527 12 
630 103 527 39 
631 103 528 -134 
632 103 529 -46 
633 103 530 -17 
634 103 531 -3 
635 103 532 -83 
636 103 533 -46 
637 103 534 -6 
638 103 535 -63 
639 103 536 -12 
640 103 537 -68 
641 104 537 29 
642 104 538 -49 
643 104 539 -50 
644 104 540 -16 
645 105 540 12 
646 105 541 -9 
647 105 542 -117 
648 105 543 -62 
649 106 543 6 
650 106 544 -5 
651 107 544 11 
652 108 544 37 
653 108 545 -45 
654 109 545 9 
655 110 545 10 
656 110 546 -22 
657 110 547 -63 
658 110 548 -56 
659 110 549 -49 
660 110 550 -23 
661 110 551 -62 
662 110 552 -26 
663 111 552 11 
664 111 553 -2 
665 111 554 -1 
666 111 555 -52 
667 111 556 -54 
668 111 557 -7 
669 112 557 11 
670 112 558 -3 
671 112 559 -35 
672 112 560 -64 
673 112 561 -42 
674 113 561 1 
675 114 561 26 
676 114 562 -19 
677 114 563 -22 
678 115 563 11 
679 116 563 23 
680 116 564 -21 
681 116 565 -52 
682 116 566 -29 
683 116 567 -79 
684 116 568 -7 
685 116 569 -3 
686 116 570 -20 
687 117 570 3 
688 117 571 -17 
689 117 572 -1 
690 117 573 -109 
691 117 574 -41 
692 117 575 -47 
693 118 575 9 
694 118 576 -82 
695 118 577 -36 
696 118 578 -20 
697 118 579 -75 
698 119 579 13 
699 119 580 -39 
700 119 581 -6 
701 120 581 1 
702 121 581 17 
703 121 582 -8 
704 121 583 -1 
705 121 584 -11 
706 121 585 -39 
707 122 585 38 
708 122 586 -6 
709 122 587 -24 
710 122 588 -2 
711 122 589 -22 
712 123 589 8 
713 123 590 -34 
714 123 591 -48 
715 123 592 -113 
716 123 593 -15 
717 124 593 92 
718 124 594 -89 
719 124 595 -54 
720 124 596 -31 
721 124 597 -39 
722 124 598 -48 
723 125 598 49 
724 125 599 -47 
725 125 600 -38 
726 125 601 -33 
727 125 602 -10 
728 125 603 -115 
729 126 603 60 
730 126 604 -11 
731 126 605 -2 
732 126 606 -38 
733 127 606 9 
734 127 607 -80 
735 127 608 -5 
736 127 609 -63 
737 127 610 -107 
738 127 611 -37 
739 127 612 -6 
740 128 612 3 
741 128 613 -13 
742 128 614 -30 
743 128 615 -81 
744 128 616 -16 
745 129 616 61 
746 130 616 9 
747 130 617 -18 
748 130 618 -6 
749 130 619 -5 
750 131 619 19 
751 131 620 -56 
752 131 621 -15 
753 132 621 1 
754 132 622 -10 
755 132 623 -60 
756 132 624 -88 
757 132 625 -149 
758 132 626 -32 
759 133 626 1 
760 133 627 -33 
761 133 628 -38 
762 134 628 36 
763 134 629 -3 
764 134 630 -35 
765 134 631 -49 
766 135 631 8 
767 136 631 20 
768 136 632 -1 
769 136 633 -18 
770 136 634 -17 
771 136 635 -73 
772 136 636 -66 
773 137 636 26 
774 137 637 -26 
775 137 638 -48 
776 137 639 -131 
777 138 639 4 
778 138 640 -152 
779 138 641 -12 
780 138 642 -107 
781 138 643 -62 
782 138 644 -87 
783 138 645 -87 
784 138 646 -75 
785 138 647 -134 
786 138 648 -10 
787 138 649 -111 
788 138 650 -69 
789 138 651 -59 
790 138 652 -67 
791 138 653 -21 
792 138 654 -64 
793 138 655 -19 
794 138 656 -55 
795 138 657 -84 
796 138 658 -44 
797 138 659 -97 
798 138 660 -69 
799 138 661 -28 
800 139 661 9 
801 139 662 -10 
802 139 663 -5 
803 139 664 -54 
804 140 664 14 
805 141 664 18 
806 141 665 -120 
807 141 666 -26 
808 141 667 -53 
809 141 668 -11 
810 141 669 -3 
811 141 670 -30 
812 141 671 -7 
813 141 672 -44 
814 141 673 -5 
815 141 674 -92 
816 141 675 -12 
817 141 676 -55 
818 142 676 15 
819 142 677 -3 
820 142 678 -94 
821 142 679 -21 
822 142 680 -35 
823 142 681 -59 
824 142 682 -67 
825 142 683 -72 
826 142 684 -29 
827 142 685 -57 
828 142 686 -13 
829 142 687 -75 
830 143 687 1 
831 143 688 -18 
832 143 689 -72 
833 143 690 -15 
834 143 691 -10 
835 143 692 -24 
836 143 693 -19 
837 143 694 -25 
838 144 694 11 
839 145 694 25 
840 145 695 -15 
841 145 696 -7 
842 145 697 -6 
843 145 698 -99 
844 146 698 2 
845 147 698 21 
846 147 699 -81 
847 148 699 5 
848 149 699 20 
849 149 700 -14 
850 149 701 -45 
851 150 701 13 
852 150 702 -55 
853 150 703 -16 
854 150 704 -16 
855 150 705 -10 
856 151 705 5 
857 151 706 -15 
858 151 707 -15 
859 151 708 -31 
860 151 709 -96 
861 151 710 -16 
862 151 711 -89 
863 151 712 -81 
864 151 713 -33 
865 151 714 -1 
866 151 715 -2 
867 151 716 -98 
868 151 717 -11 
869 151 718 -34 
870 151 719 -4 
871 151 720 -2 
872 151 721 -16 
873 151 722 -39 
874 151 723 -38 
875 151 724 -132 
876 151 725 -8 
877 151 726 -14 
878 151 727 -114 
879 151 728 -6 
880 151 729 -4 
881 151 730 -102 
882 151 731 -27 
883 152 731 1 
884 152 732 -7 
885 152 733 -24 
886 152 734 -107 
887 152 735 -3 
888 152 736 -6 
889 152 737 -99 
890 152 738 -2 
891 152 739 -155 
892 152 740 -2 
893 152 741 -38 
894 152 742 -90 
895 153 742 25 
896 153 743 -50 
897 153 744 -20 
898 153 745 -37 
899 153 746 -38 
900 153 747 -18 
901 153 748 -57 
902 153 749 -35 
903 153 750 -115 
904 153 751 -109 
905 153 752 -10 
906 153 753 -3 
907 154 753 4 
908 155 753 61 
909 155 754 -39 
910 155 755 -3 
911 156 755 9 
912 157 755 17 
913 157 756 -2 
914 157 757 -29 
915 157 758 -36 
916 157 759 -76 
917 157 760 -23 
918 157 761 -32 
919 157 762 -74 
920 158 762 40 
921 158 763 -2 
922 159 763 1 
923 159 764 -65 
924 159 765 -33 
925 159 766 -5 
926 159 767 -135 
927 159 768 -28 
928 159 769 -40 
929 159 770 -13 
930 160 770 4 
931 160 771 -69 
932 160 772 -21 
933 161 772 3 
934 161 773 -22 
935 162 773 12 
936 162 774 -5 
937 162 775 -15 
938 162 776 -99 
939 162 777 -5 
940 162 778 -30 
941 162 779 -20 
942 162 780 -32 
943 162 781 -11 
944 162 782 -5 
945 162 783 -90 
946 162 784 -55 
947 162 785 -81 
948 163 785 50 
949 163 786 -80 
950 163 787 -5 
951 164 787 16 
952 164 788 -56 
953 165 788 8 
954 165 789 -34 
955 166 789 38 
956 166 790 -27 
957 166 791 -67 
958 166 792 -62 
959 166 793 -28 
960 166 794 -25 
961 166 795 -9 
962 166 796 -70 
963 166 797 -51 
964 166 798 -7 
965 166 799 -19 
966 166 800 -18 
967 166 801 -92 
968 166 802 -34 
969 166 803 -79 
970 166 804 -9 
971 166 805 -3 
972 166 806 -47 
973 167 806 25 
974 168 806 16 
975 168 807 -5 
976 168 808 -28 
977 168 809 -82 
978 168 810 -16 
979 168 811 -8 
980 168 812 -31 
981 168 813 -58 
982 168 814 -40 
983 168 815 -35 
984 168 816 -10 
985 169 816 4 
986 169 817 -56 
987 169 818 -42 
988 169 819 -38 
989 169 820 -3 
990 169 821 -96 
991 169 822 -14 
992 169 823 -11 
993 169 824 -70 
994 169 825 -36 
995 170 825 4 
996 171 825 25 
997 171 826 -7 
998 172 826 5 
999 172 827 -63 
1000 173 827 15 
