1 1 0 -97 
2 2 0 -211 
3 3 0 -107 
4 3 1 138 
5 4 1 -65 
6 5 1 -55 
7 6 1 -102 
8 7 1 -147 
9 7 2 178 
10 8 2 -160 
11 8 3 16 
12 9 3 -80 
13 10 3 -65 
14 11 3 -89 
15 12 3 -125 
16 12 4 26 
17 13 4 -148 
18 14 4 -35 
19 15 4 -94 
20 15 5 51 
21 16 5 -47 
22 17 5 -146 
23 18 5 -83 
24 19 5 -177 
25 20 5 -101 
26 21 5 -141 
27 22 5 -8 
28 22 6 10 
29 23 6 -93 
30 23 7 51 
31 24 7 -57 
32 25 7 -93 
33 26 7 -63 
34 26 8 118 
35 27 8 -38 
36 28 8 -96 
37 28 9 199 
38 29 9 -184 
39 30 9 -105 
40 31 9 -117 
41 31 10 108 
42 32 10 -112 
43 32 11 46 
44 33 11 -134 
45 34 11 -150 
46 35 11 -206 
47 36 11 -26 
48 37 11 -11 
49 38 11 -147 
50 39 11 -72 
51 40 11 -97 
52 41 11 -111 
53 41 12 87 
54 41 13 112 
55 41 14 70 
56 41 15 165 
57 42 15 -11 
58 43 15 -174 
59 43 16 4 
60 43 17 137 
61 44 17 -149 
62 45 17 -171 
63 46 17 -10 
64 47 17 -85 
65 48 17 -55 
66 48 18 168 
67 49 18 -104 
68 50 18 -119 
69 51 18 -135 
70 52 18 -176 
71 53 18 -69 
72 53 19 102 
73 54 19 -76 
74 55 19 -149 
75 56 19 -73 
76 57 19 -60 
77 57 20 148 
78 58 20 -62 
79 59 20 -41 
80 59 21 60 
81 60 21 -97 
82 61 21 -84 
83 62 21 -27 
84 63 21 -91 
85 64 21 -10 
86 65 21 -94 
87 66 21 -70 
88 67 21 -269 
89 68 21 -28 
90 69 21 -124 
91 69 22 110 
92 70 22 -106 
93 71 22 -101 
94 71 23 88 
95 72 23 -156 
96 73 23 -40 
97 74 23 -83 
98 74 24 62 
99 74 25 78 
100 75 25 -3 
